
##################################### TEST 9 #################################

Frequency = [ 8218.8568637   8406.44846116  9262.33512457  9473.37567171  9531.99804592
  9602.34489497  9684.41621886  9731.31411822] Amplitude = [ 1049950.13902568  1181618.16099251  1267169.16441144  1005782.74295756
  1233953.90148052  1861231.64463253  1052247.35192333  1074136.44463014]
Frequency = [ 8042.98974108  8089.88764045  8148.51001466  8207.13238886  8254.03028823
  8312.65266243  8359.5505618   8465.07083537  8535.41768442  8594.04005862
  8652.66243283  8711.28480703  8793.35613092  8863.70297997  8934.04982902
  8992.67220322  9063.01905227  9133.36590132  9262.33512457  9309.23302394
  9379.57987298  9438.20224719  9485.10014656  9567.17147044  9614.06936981
  9743.03859306  9789.93649243  9836.83439179  9895.456766    9954.07914021] Amplitude = [ 3953909.50957663  4453826.3551347   4374149.45505105  8384858.57545842
  5925778.05491557  4710888.76843249  2517825.57333421  3478762.18090073
  4703781.82873268  3492178.61956795  1876082.61222923  1540584.95680331
  4008390.26105883  3209775.6243591   1989643.79757562  3083671.07889319
  2202601.02852817  2300337.99244099  1594697.43872782  2741238.39079
  1278729.52224264  1713848.73759093  1480887.3138274   2048539.10733632
  1434117.30654133  1632879.76399044  1503754.10301162  1034249.73778532
  1813280.66866493  1435171.36354921]
Frequency = [ 8066.43869077  8125.06106497  8195.40791402  8289.20371275  8359.5505618
  8418.172936    8488.51978505  8594.04005862  8676.11138251  8723.00928188
  8781.63165608  8828.52955545  8934.04982902  9027.84562775  9086.46800195
  9168.53932584  9274.05959941  9320.95749878  9391.30434783  9438.20224719
  9485.10014656  9555.4469956   9614.06936981  9672.69174402  9766.48754275
  9813.38544211  9942.35466536  9989.25256473] Amplitude = [ 2520229.65417298  3102383.79003811  3884956.0370419   4397639.6186858
  4880462.32437469  5344405.22665951  3618872.89102187  2070463.22138047
  2907563.23348043  2442342.78127523  3362931.88599724  1884509.01883429
  1666047.55176043  2836504.09012908  2397954.49101649  2207444.98683485
  4125120.88742229  2293562.54160114  4965973.32532324  2774219.88718843
  3223598.05647955  4621785.88494675  1549760.1471239   1103565.84094188
  1602876.25848243  2061989.55053793  1826106.17148668  1058683.40829876]
Frequency = [ 8054.71421593  8101.61211529  8171.95896434  8230.58133854  8289.20371275
  8382.99951148  8476.79531021  8582.31558378  8687.83585735  8734.73375672
  8793.35613092  8840.25403029  8887.15192965  8980.94772838  9051.29457743
  9109.91695164  9203.71275037  9285.78407426  9344.40644846  9391.30434783
  9449.92672203  9520.27357108  9614.06936981  9660.96726917  9731.31411822
  9825.10991695  9895.456766    9942.35466536] Amplitude = [  1917999.4963365    1441692.91961501   2987675.50526051
   1378107.37335856   1662325.5178375    2329986.81882403
   2420530.51740168   2046350.78899363   1460253.11308245
   2545999.70716712   1019038.69881295   1409536.18442798
   2933688.17618142   3248596.33432324   3563270.81011987
   2378162.96030232   4148623.85006713   5682340.87261505
   7056982.60963432   2685258.28762247   7859445.15925766  13824874.7554977
  11978373.78978064   6146030.62106872   6030960.91547643
   4481143.91335708   3463023.6664247    4552411.7450248 ]
Frequency = [ 8078.16316561  8183.68343918  8254.03028823  8347.82608696  8406.44846116
  8465.07083537  8535.41768442  8640.93795799  8734.73375672  8816.80508061
  8875.42745481  9004.39667807  9051.29457743  9320.95749878  9391.30434783
  9449.92672203  9520.27357108  9660.96726917  9801.66096727  9883.73229116
  9954.07914021] Amplitude = [ 1305791.99762506  1024203.75397093  2073019.51994347  2189004.199699
  1558377.17672464  1018623.23759717  1510715.09076943  1961539.11839667
  1607940.0588431   1731198.64213205  1123610.57658998  1061674.978238
  1267067.33848278  1326033.20747215  1212342.61655242  1112512.20085549
  1542430.64794507  1726475.0729932   1493824.88576329  1306146.0076912
  1100575.50007395]
Frequency = [ 8031.26526624  8136.78553981  8218.8568637   8277.47923791  8336.10161212
  8382.99951148  8429.89741085  8500.24425989  8570.59110894  8699.56033219
  8769.90718124  8887.15192965  9051.29457743  9109.91695164  9309.23302394
  9367.85539814  9707.86516854  9813.38544211] Amplitude = [ 2375808.79924764  3692294.68419431  4386173.80427509  3736587.48424159
  1993776.42289594  1598593.5127925   1224736.91544591  1431744.12786054
  1381507.04807358  1064113.43199247  1106549.78738412  1138742.03492211
  1587828.28622319  1041460.25561061  1033993.45169732  1198084.691216
  1078261.79943559  1062894.1993292 ]
Frequency = [ 8042.98974108  8101.61211529  8160.2344895   8242.30581339  8347.82608696
  8394.72398632  8465.07083537  8523.69320957  8570.59110894  8617.4890083
  8711.28480703  8769.90718124  8969.22325354  9016.12115291  9156.814851  ] Amplitude = [ 2368110.12023166  1584266.33182441  1113086.04161118  1338337.27823655
  1309971.85589774  1658017.76602791  1394051.69545236  1034287.85624544
  1229587.68302546  1852050.80820061  1047988.55923372  1150844.05299394
  1713578.99664158  1456979.17125422  1303325.10009433]